image_width: 320
image_height: 240
camera_name: front_cam
camera_matrix:
  rows: 3
  cols: 3
  data: [236.0514, 0.000000, 163.2682, 0.000000, 236.0764, 123.7578, 0.000000, 0.000000, 1.000000]
distortion_model: plumb_bob
distortion_coefficients:
  rows: 1
  cols: 5
  data: [-0.3817, 0.1388, 0, 0, 0]
rectification_matrix:
  rows: 3
  cols: 3
  data: [1.000,0.000,0.000,0.000,1.000,0.000,0.000,0.000,1.000]
projection_matrix:
  rows: 3
  cols: 4
  data: [236.0514, 0.000000, 163.2682,0.00000, 0.000000, 236.0764, 123.7578, 0.000000,0.0000, 0.000000, 1.000000,0.00000]
